index;count
2021-05-04;64
2021-05-05;88
2021-05-06;113
2021-05-07;113
2021-05-08;113
2021-05-09;113
2021-05-10;147
2021-05-11;160
2021-05-12;166
2021-05-13;176
2021-05-14;177
2021-05-15;177
2021-05-16;177
2021-05-17;179
2021-05-18;191
2021-05-19;191
2021-05-20;196
