index;count
2021-05-04;33
2021-05-05;44
2021-05-06;44
2021-05-07;54
2021-05-08;54
2021-05-09;54
2021-05-10;54
2021-05-11;54
2021-05-12;54
2021-05-13;54
2021-05-14;66
2021-05-15;66
2021-05-16;66
2021-05-17;66
2021-05-18;66
2021-05-19;66
2021-05-20;66
2021-05-21;66
2021-05-22;66
2021-05-23;66
2021-05-24;66
2021-05-25;66
2021-05-26;193
2021-05-27;288
2021-05-28;311
2021-05-29;311
2021-05-30;311
2021-05-31;311
2021-06-01;331
2021-06-02;336
2021-06-03;336
2021-06-04;336
2021-06-05;336
2021-06-06;336
2021-06-07;336
2021-06-08;336
2021-06-09;336
2021-06-10;336
2021-06-11;336
2021-06-12;336
2021-06-13;336
2021-06-14;336
2021-06-15;336
2021-06-16;336
2021-06-17;336
2021-06-18;336
2021-06-19;336
2021-06-20;336
2021-06-21;336
2021-06-22;376
2021-06-23;459
2021-06-24;459
2021-06-25;459
2021-06-26;459
2021-06-27;459
2021-06-28;459
2021-06-29;459
2021-06-30;459
2021-07-01;459
2021-07-02;459
2021-07-03;459
2021-07-04;459
2021-07-05;459
2021-07-06;459
2021-07-07;459
2021-07-08;459
2021-07-09;459
2021-07-10;459
2021-07-11;459
2021-07-12;503
